0 1206 5972
1 7174 2502
2 9289 1870
3 8966 9405
4 1493 6798
5 3835 9923
6 5427 7846
7 1553 9982
8 9879 1228
9 7287 173
10 6024 881
11 3666 7815
12 7650 4455
13 8542 9239
14 6818 3517
15 9645 2251
16 1429 5340
17 478 7434
18 1636 2153
19 4031 1710
20 6384 7517
21 4873 3269
22 4651 3592
23 3139 4678
24 7029 4627
25 4672 8475
26 6935 9995
27 3588 7427
28 2517 7193
29 6608 7803
30 6492 3505
31 4626 6241
32 5844 6708
33 1181 1556
34 2460 4563
35 9896 9932
36 5816 3609
37 8928 4089
38 4572 7030
39 3163 7424
40 4662 6305
41 2872 9189
42 5418 1264
43 2601 6936
44 6859 1141
45 5679 9011
46 1653 4375
47 2293 4269
48 5587 6955
49 8108 8216
50 4298 6285
51 5030 4272
52 7717 3693
53 8045 4740
54 4779 2071
55 4111 6088
56 591 4804
57 7725 9869
58 6574 4635
59 7254 8904
60 962 4038
61 3749 5830
62 6943 1442
63 8020 3575
64 1297 2644
65 4078 4192
66 760 1166
67 3998 5082
68 898 9264
69 5132 8158
70 9397 1711
71 1232 4254
72 6925 9896
73 9471 5912
74 1222 8765
75 2271 1709
76 9015 2622
77 3606 7199
78 485 774
79 7448 9084
80 6437 8122
81 15 7035
82 7207 297
83 7001 8490
84 866 5742
85 8538 4541
86 9688 6140
87 7400 6505
88 9194 7480
89 8726 2927
90 4656 6828
91 8504 2526
92 4196 128
93 8563 3595
94 5965 3665
95 5909 148
96 5348 7143
97 7412 7334
98 6493 6612
99 3204 487